//Pocet vetvi =  496
name = "Javor FULL s listim"
B  0 {
  l  0
  d  411.362066569193
  z  0.106419166666667  0.001933  0.110032222222222
  k -8.842174  410.861572  18.359129
  r  0.999546883654379  0.020804076654246  0.0217535691642619
  s  0.020804076654246  0.0448157308423281 -0.998778624452702
  t -0.0217535691642619  0.998778624452702  0.0443626144967067
  p  0
  x  0
}
B  1 {
  l  1
  d  17.3329471767885
  z -13.168373  369.124359  15.369048
  k -15.81039  386.102112  13.087227
  r  0.973243469045921  0.171939004811556  0.152427453511084
  s  0.171939004811556 -0.104889921130868 -0.979507571726514
  t -0.152427453511084  0.979507571726514 -0.131646452084947
  p  0
  x  0.89856922375422
}
B  2 {
  l  1
  d  69.4705707278657
  z -8.67988988888889  322.202789222222  14.7256518888889
  k -9.561402  388.747375  34.65556
  r  0.999874883134633  0.00944496380105045  0.0126890005634792
  s  0.00944496380105045  0.287007863074286 -0.957881662415733
  t -0.0126890005634792  0.957881662415733  0.28688274620892
  p  0
  x  0.78433787380705
}
B  3 {
  l  1
  d  108.90465390664
  z -6.98369322222222  281.763529444444  9.48277144444445
  k  8.422524  384.314667 -23.775856
  r  0.971188924242005 -0.19178027614202 -0.14146518692791
  s -0.19178027614202 -0.276581083818176 -0.941659826984699
  t  0.14146518692791  0.941659826984699 -0.305392159576171
  p  0
  x  0.685497076916487
}
B  4 {
  l  1
  d  138.281310023375
  z -7.31165511111111  241.116048222222  10.7360664444444
  k -69.459732  361.877991  36.733959
  r  0.829976356962639  0.330378452225575  0.44943222535557
  s  0.330378452225575  0.35803092002339 -0.87330632575989
  t -0.44943222535557  0.87330632575989  0.188007276986029
  p  0
  x  0.586958332359662
}
B  5 {
  l  1
  d  142.045401619709
  z -1.79290411111111  202.026665666667  6.42533722222222
  k  63.557617  327.935791  13.712152
  r  0.798665861804424 -0.387905173653395 -0.460067840042233
  s -0.387905173653395  0.25263333334507 -0.886400572617081
  t  0.460067840042233  0.886400572617081  0.0512991951494946
  p  0
  x  0.491293392181742
}
B  6 {
  l  1
  d  145.881835456545
  z -4.23971266666667  167.298780666667  4.060917
  k -64.999733  290.473022 -45.11058
  r  0.738325321665143  0.530473489034658  0.416501616826946
  s  0.530473489034658 -0.0753891983713504 -0.844342552641001
  t -0.416501616826946  0.844342552641001 -0.337063876706208
  p  0
  x  0.406849207661169
}
B  7 {
  l  1
  d  157.987898672203
  z -0.419124  133.339770888889  4.71026977777778
  k  31.269541  255.031677  100.350662
  r  0.974939694052367 -0.0962374526820592 -0.200576533179598
  s -0.0962374526820592  0.630425609404573 -0.770260932222414
  t  0.200576533179598  0.770260932222414  0.605365303456939
  p  0
  x  0.324265420075188
}
B  8 {
  l  1
  d  174.203215021101
  z  0.085683888888889  97.1430064444444  0.0339496666666667
  k  24.564096  236.860931 -101.092056
  r  0.952931716122508 -0.268656435143922 -0.140516419907325
  s -0.268656435143922 -0.533437682412609 -0.802039873596085
  t  0.140516419907325  0.802039873596085 -0.580505966290102
  p  0
  x  0.235849416955414
}
B  9 {
  l  2
  d  1.26006267067794
  z -15.7337  385.207794  13.297842
  k -16.467314  386.083618  13.82935
  r  0.761598418884846  0.284615378630459  0.582204375283408
  s  0.284615378630459  0.660212346855906 -0.695063841172922
  t -0.582204375283408  0.695063841172922  0.421810765740752
  p  1
  x  0.947186844677354
}
B  10 {
  l  2
  d  2.72395903038556
  z -15.353353  383.565796  13.479374
  k -13.749938  385.762909  13.626709
  r  0.671289448573033 -0.450422520543564 -0.588634036750931
  s -0.450422520543564  0.382799103551463 -0.806588122468574
  t  0.588634036750931  0.806588122468574  0.0540885521244951
  p  1
  x  0.849671815933499
}
B  11 {
  l  2
  d  4.31984661328189
  z -15.176575  382.143677  13.673563
  k -17.130808  384.74704  10.833748
  r  0.402671320482614  0.795741031440172  0.452384812458728
  s  0.795741031440172 -0.0600592451530516 -0.602651721937453
  t -0.452384812458728  0.602651721937453 -0.657387924670437
  p  1
  x  0.766276509473872
}
B  12 {
  l  2
  d  7.04440644427648
  z -15.173993  380.52533  14.302635
  k -17.704285  385.711456  18.343103
  r  0.918009015584877  0.168050002150291  0.359191653692248
  s  0.168050002150291  0.6555620910742 -0.736204823078272
  t -0.359191653692248  0.736204823078272  0.573571106659078
  p  1
  x  0.670020991715985
}
B  13 {
  l  2
  d  8.40457590545993
  z -14.799706  378.806732  14.261477
  k -10.198203  385.33313  11.640562
  r  0.56440709959996 -0.617809579605838 -0.547499725359216
  s -0.617809579605838  0.123749087043871 -0.776529128109864
  t  0.547499725359216  0.776529128109864 -0.311843813356169
  p  1
  x  0.569921854178956
}
B  14 {
  l  2
  d  9.72615364514978
  z -14.80549  377.149933  14.532938
  k -21.837284  382.548401  10.531878
  r  0.112009012413644  0.681730854284607  0.722977885868233
  s  0.681730854284607  0.476619735807372 -0.555046547377147
  t -0.722977885868233  0.555046547377147 -0.411371251778984
  p  1
  x  0.4742830464471
}
B  15 {
  l  2
  d  10.0459551059761
  z -14.296264  375.734375  14.913931
  k -14.880692  383.264465  21.537933
  r  0.997960440805972  0.0262787961756727  0.0581754540842348
  s  0.0262787961756727  0.661409617105149 -0.749564368998672
  t -0.0581754540842348  0.749564368998672  0.659370057911122
  p  1
  x  0.386916128234439
}
B  16 {
  l  2
  d  9.91758695957065
  z -13.920316  374.084869  14.714522
  k -10.07489  380.847412  8.563161
  r  0.604108181187966 -0.696212967838826 -0.387738067301653
  s -0.696212967838826 -0.224355931480069 -0.681873829548226
  t  0.387738067301653  0.681873829548226 -0.620247750292103
  p  1
  x  0.291908804393844
}
B  17 {
  l  2
  d  9.49525225195176
  z -13.942086  372.2836  14.936062
  k -21.468191  378.021149  14.162699
  r  0.316051389549518  0.521410300007979  0.792617699909236
  s  0.521410300007979  0.602501274510457 -0.604254510333903
  t -0.792617699909236  0.604254510333903 -0.0814473359400253
  p  1
  x  0.188625547640739
}
B  18 {
  l  2
  d  6.31969595269059
  z -13.571734  370.663422  15.338363
  k -11.518809  375.866577  18.279661
  r  0.927990071131443 -0.182509746552883 -0.324845532976309
  s -0.182509746552883  0.53742757269488 -0.823323628059156
  t  0.324845532976309  0.823323628059156  0.465417643826323
  p  1
  x  0.0907547174336656
}
B  19 {
  l  2
  d  0.100228298683544
  z -9.602437  388.641846  34.67334
  k -9.611325  388.713898  34.742443
  r  0.995345420053044  0.0377331001730414  0.0886775503200273
  s  0.0377331001730414  0.69411056101854 -0.718878809142305
  t -0.0886775503200273  0.718878809142305  0.689455981071584
  p  2
  x  0.998625852291306
}
B  20 {
  l  2
  d  3.84064649126703
  z -9.2162734  385.3782776  33.9077904
  k -7.049186  388.221313  32.503708
  r  0.498153754031192 -0.658379833986593 -0.564250681474482
  s -0.658379833986593  0.136261336450935 -0.740249175878225
  t  0.564250681474482  0.740249175878225 -0.365584909517873
  p  2
  x  0.950394848989636
}
B  21 {
  l  2
  d  7.32588934924578
  z -9.405342  382.107373  33.180252
  k -14.388806  387.454102  32.684036
  r  0.503633614169621  0.53254855452843  0.680253790690008
  s  0.53254855452843  0.42863181104444 -0.729840261722004
  t -0.680253790690008  0.729840261722004 -0.0677345747859392
  p  2
  x  0.902324729175517
}
B  22 {
  l  2
  d  10.7376892835313
  z -9.0524178  378.8425904  32.8141296
  k -6.238017  383.877136  41.871197
  r  0.962734162084663 -0.0666630567710813 -0.262104883619283
  s -0.0666630567710813  0.880749678883903 -0.468866761466238
  t  0.262104883619283  0.468866761466238  0.843483840968565
  p  2
  x  0.855732513143111
}
B  23 {
  l  2
  d  13.9493091286785
  z -8.9946096  375.7656556  31.781189
  k -3.76313  387.438568  26.217201
  r  0.766021111083163 -0.522073157615975 -0.37503503232605
  s -0.522073157615975 -0.164893051526504 -0.836809356816212
  t  0.37503503232605  0.836809356816212 -0.398871940443341
  p  2
  x  0.809030639937563
}
B  24 {
  l  2
  d  18.6267890464178
  z -9.3194814  372.5840332  31.1353814
  k -22.994202  383.954773  36.673031
  r  0.584546696600914  0.345455790299765  0.73414266763438
  s  0.345455790299765  0.712748214840894 -0.610450881881158
  t -0.73414266763438  0.610450881881158  0.297294911441808
  p  2
  x  0.762553887562857
}
B  25 {
  l  2
  d  23.5056696629525
  z -9.0299072  369.548926  29.8933688
  k  3.300198  380.072052  46.915379
  r  0.840408706909292 -0.136203159539664 -0.524558771428392
  s -0.136203159539664  0.883757438709122 -0.447684586352608
  t  0.524558771428392  0.447684586352608  0.724166145618414
  p  2
  x  0.715523038545571
}
B  26 {
  l  2
  d  26.906622604043
  z -9.1874948  366.6011964  28.4209324
  k -7.248188  390.818268  16.85638
  r  0.990889338993165 -0.113769275663781 -0.072075445087954
  s -0.113769275663781 -0.420692535410032 -0.900041300477493
  t  0.072075445087954  0.900041300477493 -0.429803196416867
  p  2
  x  0.6688271058
}
B  27 {
  l  2
  d  30.4098149557128
  z -9.1563248  363.3496886  27.351333
  k -27.203173  376.44278  48.030769
  r  0.790367111803019  0.152089857197838  0.59345471934908
  s  0.152089857197838  0.889657940309807 -0.430554786968224
  t -0.59345471934908  0.430554786968224  0.680025052112826
  p  2
  x  0.619571647116799
}
B  28 {
  l  2
  d  33.2617221597
  z -8.7194684  360.2272034  25.8548386
  k  14.43038  379.419159  40.070869
  r  0.660639400449288 -0.28134065702852 -0.695990673268519
  s -0.28134065702852  0.766759708103912 -0.576998253663877
  t  0.695990673268519  0.576998253663877  0.4273991085532
  p  2
  x  0.570258204422793
}
B  29 {
  l  2
  d  35.8422551291017
  z -9.0665204  356.9499574  24.5839692
  k -19.979389  387.775482  9.908698
  r  0.843027510861411  0.443399394130413  0.304469363344814
  s  0.443399394130413 -0.252468020314304 -0.860033066808108
  t -0.304469363344814  0.860033066808108 -0.409440509452893
  p  2
  x  0.519885786714369
}
B  30 {
  l  2
  d  37.5429306136554
  z -9.0719636  353.4097594  23.6681074
  k -20.446981  371.157227  54.734295
  r  0.94976641991858  0.0783751623032254  0.302986932934388
  s  0.0783751623032254  0.877717931787847 -0.472724619786201
  t -0.302986932934388  0.472724619786201  0.827484351706426
  p  2
  x  0.467291334318151
}
B  31 {
  l  2
  d  38.6611567363948
  z -8.8799174  349.9600158  22.2732786
  k  18.097586  377.643677  22.990393
  r  0.521951430437556 -0.490561874488036 -0.697793487761941
  s -0.490561874488036  0.496597274788456 -0.716058792259032
  t  0.697793487761941  0.716058792259032  0.0185487052260112
  p  2
  x  0.413930101113767
}
B  32 {
  l  2
  d  39.0038945094514
  z -9.3619128  346.318805  21.2738616
  k -33.563473  375.288635  11.458709
  r  0.485526061964647  0.615837260124854  0.620490863909385
  s  0.615837260124854  0.262828487665734 -0.742741984213399
  t -0.620490863909385  0.742741984213399 -0.251645450369619
  p  2
  x  0.359684850664655
}
B  33 {
  l  2
  d  38.6098122779548
  z -8.9101462  342.4212524  20.6778604
  k -7.590764  361.771332  54.062756
  r  0.999373756866069 -0.00918449141614605 -0.0341721992974654
  s -0.00918449141614605  0.865300107892965 -0.501169999499022
  t  0.0341721992974654  0.501169999499022  0.864673864759034
  p  2
  x  0.303400454977171
}
B  34 {
  l  2
  d  37.717351758921
  z -8.708316  338.7029542  19.1988142
  k  10.841967  368.559967  6.994559
  r  0.602806866504471 -0.606589708744784 -0.518336576888008
  s -0.606589708744784  0.0736217630025453 -0.791598863855497
  t  0.518336576888008  0.791598863855497 -0.323571370492983
  p  2
  x  0.245986740385058
}
B  35 {
  l  2
  d  36.012776547689
  z -8.849941  334.6882446  18.3596192
  k -36.180256  357.897949  21.718723
  r  0.473199095949943  0.447374765371515  0.758906077786269
  s  0.447374765371515  0.620076239139863 -0.644485280641029
  t -0.758906077786269  0.644485280641029  0.0932753350898059
  p  2
  x  0.187191049641927
}
B  36 {
  l  2
  d  30.8615163582043
  z -8.2454136  330.5504396  17.5325572
  k  3.993829  346.04834  41.248569
  r  0.911063924140575 -0.112615011457997 -0.396585911655837
  s -0.112615011457997  0.857401614776318 -0.502175596951184
  t  0.396585911655837  0.502175596951184  0.768465538916893
  p  2
  x  0.126611898579501
}
B  37 {
  l  2
  d  19.6168480653411
  z -8.38751  326.5692324  15.6434682
  k -3.995093  341.402557  3.581135
  r  0.869811890986292 -0.439649168114163 -0.223910435834006
  s -0.439649168114163 -0.484708492102945 -0.756152290653023
  t  0.223910435834006  0.756152290653023 -0.614896601116652
  p  2
  x  0.0639426372736551
}
B  38 {
  l  2
  d  0.148147205471458
  z  8.361859  384.174957 -23.765198
  k  8.362659  384.276672 -23.872906
  r  0.999893172295592 -0.0135824749424123 -0.00540003436078341
  s -0.0135824749424123 -0.726926798459737 -0.686580618759018
  t  0.00540003436078341  0.686580618759018 -0.727033626164146
  p  3
  x  0.99868328721973
}
B  39 {
  l  2
  d  8.33940931559493
  z  7.2279046  375.8638854 -22.1249226
  k  3.928922  383.008881 -19.366028
  r  0.882410607665882  0.254677211948298  0.395589480639931
  s  0.254677211948298  0.448415533082574 -0.856774782194546
  t -0.395589480639931  0.856774782194546  0.330826140748457
  p  3
  x  0.92074773296822
}
B  40 {
  l  2
  d  16.0306479164282
  z  6.7127804  367.6485718 -20.3492092
  k  20.924051  375.030304 -21.078243
  r  0.176663257545306 -0.427664176855581 -0.88650631428542
  s -0.427664176855581  0.777859241869525 -0.460476222700593
  t  0.88650631428542  0.460476222700593 -0.0454775005851689
  p  3
  x  0.844064216012016
}
B  41 {
  l  2
  d  26.3493320071947
  z  5.070668  359.9429318 -18.17325
  k -1.252262  372.153992 -40.649857
  r  0.60821258804264  0.756633344511727  0.23996547609911
  s  0.756633344511727 -0.461236376040862 -0.463429592699572
  t -0.23996547609911  0.463429592699572 -0.853023787998222
  p  3
  x  0.769201352455644
}
B  42 {
  l  2
  d  37.1981340916551
  z  3.9982414  352.6967226 -14.6041126
  k -2.386741  387.164551 -2.15815
  r  0.977923478706973  0.11917491700478  0.171647921486266
  s  0.11917491700478  0.356662190814339 -0.926601004100697
  t -0.171647921486266  0.926601004100697  0.334585669521313
  p  3
  x  0.695144262881434
}
B  43 {
  l  2
  d  44.488637557476
  z  3.0026892  345.3842772 -11.6455096
  k  39.179272  359.980225 -33.033638
  r -0.273457409925178 -0.513794185137662 -0.813164546863511
  s -0.513794185137662  0.792702557130055 -0.328082598194722
  t  0.813164546863511  0.328082598194722 -0.480754852795123
  p  3
  x  0.622326381153759
}
B  44 {
  l  2
  d  51.0638841498975
  z  1.0744906  338.4915712 -8.3399436
  k -22.937626  363.34024 -45.936249
  r  0.161587938861978  0.867621291874955  0.470236782801572
  s  0.867621291874955  0.102151864212218 -0.486619245944099
  t -0.470236782801572  0.486619245944099 -0.736260196925804
  p  3
  x  0.550953386746886
}
B  45 {
  l  2
  d  56.1368535978844
  z  0.3385718  331.5332946 -5.0075562
  k  14.089273  378.752441  22.059338
  r  0.959518300769 -0.139011913262238 -0.244949624332316
  s -0.139011913262238  0.522640788407669 -0.84114344452286
  t  0.244949624332316  0.84114344452286  0.48215908917667
  p  3
  x  0.480486963695006
}
B  46 {
  l  2
  d  57.6745450129525
  z -0.7483084  324.1051636 -3.3565404
  k  33.895084  344.239075 -44.839237
  r -0.285168936007509 -0.746909459467585 -0.600670406541046
  s -0.746909459467585  0.565914079455387 -0.349095279303518
  t  0.600670406541046  0.349095279303518 -0.719254856552122
  p  3
  x  0.410216913067439
}
B  47 {
  l  2
  d  58.4699142402858
  z -2.4914648  316.7286316 -0.878913
  k -42.356823  357.024048 -15.223372
  r  0.384015639911543  0.62262945590821  0.681809760078847
  s  0.62262945590821  0.370653762525913 -0.689164964983588
  t -0.681809760078847  0.689164964983588 -0.245330597562544
  p  3
  x  0.33722253229503
}
B  48 {
  l  2
  d  57.2178421270147
  z -2.6663072  308.6232728  1.5603058
  k  28.403397  350.238831  25.57489
  r  0.79231107583814 -0.278183868610931 -0.543007269149195
  s -0.278183868610931  0.627393395831578 -0.727317854937975
  t  0.543007269149195  0.727317854937975  0.419704471669717
  p  3
  x  0.260071162967237
}
B  49 {
  l  2
  d  53.5762686042781
  z -4.102209  299.9206422  2.6945724
  k  10.904784  321.644379 -43.923943
  r  0.395848474174038 -0.874554198456786 -0.280105229254463
  s -0.874554198456786 -0.265982147430213 -0.405473120206533
  t  0.280105229254463  0.405473120206533 -0.870133673256175
  p  3
  x  0.179776670909439
}
B  50 {
  l  2
  d  39.0974266114823
  z -6.0530532  291.2903992  6.0758026
  k -27.729122  323.707642  8.88279
  r  0.713217202691312  0.42889269530363  0.554411650040263
  s  0.42889269530363  0.358577481595547 -0.829140063926345
  t -0.554411650040263  0.829140063926345  0.0717946842868587
  p  3
  x  0.0931382167757264
}
B  51 {
  l  2
  d  8.19152800397681
  z -67.9569886  353.6870668  35.8563048
  k -69.046265  359.281281  41.740128
  r  0.989709131504584  0.0528509776466169  0.132975972183844
  s  0.0528509776466169  0.728572390226591 -0.682926823577247
  t -0.132975972183844  0.682926823577247  0.718281521731175
  p  4
  x  0.942193398348582
}
B  52 {
  l  2
  d  21.0734705902493
  z -64.1653382  340.8322996  33.8808386
  k -55.86092  358.879517  26.850494
  r  0.766966388681877 -0.506430209038036 -0.394069793318356
  s -0.506430209038036 -0.100577531179351 -0.856395121188554
  t  0.394069793318356  0.856395121188554 -0.333611142497475
  p  4
  x  0.846000779058495
}
B  53 {
  l  2
  d  38.7503577524736
  z -58.3945588  328.7881408  31.7340808
  k -95.2882  340.067383  28.097027
  r -0.00035840947866167  0.305832778232707  0.952085176494787
  s  0.305832778232707  0.906499823108119 -0.291074530770753
  t -0.952085176494787  0.291074530770753 -0.0938585863705431
  p  4
  x  0.748262188193853
}
B  54 {
  l  2
  d  52.8927387741215
  z -49.4158882  319.5026428  29.221978
  k -62.693081  344.0495  74.153145
  r  0.965930052094757  0.0629884764527514  0.25102108735001
  s  0.0629884764527514  0.883546984665971 -0.464087467749163
  t -0.25102108735001  0.464087467749163  0.849477036760728
  p  4
  x  0.657022948020849
}
B  55 {
  l  2
  d  63.8570614766023
  z -40.8799356  310.7827758  25.3315768
  k -65.682587  362.795837 -2.185586
  r  0.734903754510411  0.555927147391194  0.388408906180061
  s  0.555927147391194 -0.165821841934188 -0.814523249226836
  t -0.388408906180061  0.814523249226836 -0.430918087423777
  p  4
  x  0.568920868879652
}
B  56 {
  l  2
  d  69.6829398856212
  z -33.9657794  300.5138548  23.3142474
  k -101.628456  301.294312  39.953514
  r  0.238886632865898  0.00877908526893915  0.971007777672164
  s  0.00877908526893915  0.999898737374106 -0.0112001187274971
  t -0.971007777672164  0.0112001187274971  0.238785370240004
  p  4
  x  0.478853520800413
}
B  57 {
  l  2
  d  74.1505642081938
  z -27.478401  290.3596922  21.3209548
  k -5.536433  341.352142  70.480148
  r  0.947345044333208 -0.122368475952572 -0.295911005321459
  s -0.122368475952572  0.715619475558709 -0.687687954158078
  t  0.295911005321459  0.687687954158078  0.662964519891917
  p  4
  x  0.390930685427235
}
B  58 {
  l  2
  d  73.5476427049079
  z -23.8676656  279.1608642  18.6340452
  k -45.259754  327.080139 -32.896309
  r  0.717398945325781  0.633039530525861  0.290860286111828
  s  0.633039530525861 -0.418038045436074 -0.651540593792577
  t -0.290860286111828  0.651540593792577 -0.700639100110293
  p  4
  x  0.304816757703526
}
B  59 {
  l  2
  d  69.7930736263476
  z -19.9707854  266.8028444  18.2173204
  k -74.486427  284.379272  58.094471
  r  0.611723416718277  0.125184535200014  0.781103894232562
  s  0.125184535200014  0.959639163091447 -0.251836273812774
  t -0.781103894232562  0.251836273812774  0.571362579809725
  p  4
  x  0.213538567627059
}
B  60 {
  l  2
  d  55.6947291324585
  z -13.6086026  254.5215974  15.6478356
  k  9.51117  302.886627  30.754221
  r  0.864445816342954 -0.283570354190112 -0.41511598961213
  s -0.283570354190112  0.406789642295736 -0.868395095072169
  t  0.41511598961213  0.868395095072169  0.27123545863869
  p  4
  x  0.111805784611266
}
B  61 {
  l  2
  d  0.851443259621546
  z  63.278717  327.123108  13.682724
  k  62.833992  327.840271  13.796093
  r  0.759239873687678  0.388249490059058  0.522319009487114
  s  0.388249490059058  0.373909339391288 -0.842291006354011
  t -0.522319009487114  0.842291006354011  0.133149213078966
  p  5
  x  0.994014693751686
}
B  62 {
  l  2
  d  15.6750715305012
  z  59.9920792  311.448657  13.3976048
  k  71.522484  317.209106  22.318079
  r  0.65515565041607 -0.172280012989344 -0.735588656011148
  s -0.172280012989344  0.913931015800551 -0.367491082180459
  t  0.735588656011148  0.367491082180459  0.569086666216621
  p  5
  x  0.885454015932126
}
B  63 {
  l  2
  d  35.3002903027055
  z  52.9879554  296.5711304  12.0023024
  k  69.173653  318.97049 -9.961358
  r  0.443534213084428 -0.770092063638879 -0.458514574843581
  s -0.770092063638879 -0.06572910756428 -0.634537546516529
  t  0.458514574843581  0.634537546516529 -0.622194894479852
  p  5
  x  0.769424930107474
}
B  64 {
  l  2
  d  53.6336549617112
  z  42.9048728  284.1459536  11.689241
  k  48.628471  331.102631  36.965313
  r  0.992259476340404 -0.0635036317522656 -0.106716542142914
  s -0.0635036317522656  0.479013123262298 -0.875507690712521
  t  0.106716542142914  0.875507690712521  0.471272599602702
  p  5
  x  0.659117623553904
}
B  65 {
  l  2
  d  65.1803019786726
  z  33.3460304  272.161597  10.2485266
  k  96.320831  268.44104  26.643761
  r  0.254140036091267  0.0440654751313397 -0.966163069029747
  s  0.0440654751313397  0.997396607684404  0.0570810028038436
  t  0.966163069029747 -0.0570810028038436  0.251536643775671
  p  5
  x  0.552851853272007
}
B  66 {
  l  2
  d  73.4262815075772
  z  24.357133  260.3570864  8.7361268
  k  33.548122  310.983887 -43.645851
  r  0.945331344036177 -0.301131809052373 -0.125173014502328
  s -0.301131809052373 -0.658726830291252 -0.689491549354512
  t  0.125173014502328  0.689491549354512 -0.713395486255075
  p  5
  x  0.449528463062862
}
B  67 {
  l  2
  d  75.9347285733748
  z  18.5384574  247.0943634  9.1557628
  k  18.064903  294.794983  68.236298
  r  0.999978126592785  0.00220328451578941  0.00623633492733707
  s  0.00220328451578941  0.778065547362159 -0.628179233615189
  t -0.00623633492733707  0.628179233615189  0.778043673954944
  p  5
  x  0.348071156994006
}
B  68 {
  l  2
  d  72.3618516294648
  z  14.3244424  232.9140198  7.1869288
  k  83.806213  250.736481 -2.346224
  r -0.0618765181529506 -0.27237724198082 -0.960198903640381
  s -0.27237724198082  0.930133720182338 -0.246296367473589
  t  0.960198903640381  0.246296367473589 -0.131742797970612
  p  5
  x  0.245222371331814
}
B  69 {
  l  2
  d  61.6949774575929
  z  6.6136088  218.4469056  6.0088422
  k -10.283691  271.717346 -20.12565
  r  0.869858103681849  0.410285442846852  0.273884528308883
  s  0.410285442846852 -0.293466204000291 -0.863448575479525
  t -0.273884528308883  0.863448575479525 -0.423608100318441
  p  5
  x  0.129543865887043
}
B  70 {
  l  2
  d  11.2125415868072
  z -63.952246  279.3135316 -43.6331666
  k -67.172859  286.018097 -52.023491
  r  0.672219899459144  0.682361749423087  0.287233092967022
  s  0.682361749423087 -0.420518073877702 -0.59795233293838
  t -0.287233092967022  0.59795233293838 -0.748298174418558
  p  6
  x  0.929006272129057
}
B  71 {
  l  2
  d  29.314943374942
  z -59.1314094  263.0868226 -38.9165316
  k -81.21553  280.564362 -30.780615
  r  0.555768484455525  0.351568167747205  0.75334003949935
  s  0.351568167747205  0.721766303721978 -0.596198982084326
  t -0.75334003949935  0.596198982084326  0.277534788177502
  p  6
  x  0.810426776879681
}
B  72 {
  l  2
  d  51.4362864963996
  z -49.7913056  250.115085 -31.6704802
  k -44.940178  295.049744 -56.227242
  r  0.982978642056932 -0.157664151091122 -0.0943133326769141
  s -0.157664151091122 -0.460399612206457 -0.873598427505945
  t  0.0943133326769141  0.873598427505945 -0.477420970149525
  p  6
  x  0.69193950604842
}
B  73 {
  l  2
  d  65.4005018106813
  z -40.4240378  238.8435914 -23.0421182
  k -80.712143  225.128998 -72.700996
  r -0.576605616058913 -0.536696994536356  0.616021346695846
  s -0.536696994536356  0.817301384055457  0.209701653967434
  t -0.616021346695846 -0.209701653967434 -0.759304232003456
  p  6
  x  0.580021576331531
}
B  74 {
  l  2
  d  75.6409420971903
  z -31.7653972  227.5482422 -14.7908484
  k -80.708076  274.566559  18.607418
  r  0.709573759829829  0.279007060957071  0.647039519115376
  s  0.279007060957071  0.731963131092112 -0.621598773050534
  t -0.647039519115376  0.621598773050534  0.441536890921941
  p  6
  x  0.470860029778304
}
B  75 {
  l  2
  d  78.8583149098913
  z -24.9278548  213.7449494 -10.7829074
  k  7.254133  265.844269 -60.46806
  r  0.549811153733889 -0.728809318048819 -0.408098852185382
  s -0.728809318048819 -0.179867130161657 -0.660669958006738
  t  0.408098852185382  0.660669958006738 -0.630055976427769
  p  6
  x  0.362186547409636
}
B  76 {
  l  2
  d  75.2364289495126
  z -21.4111102  198.762851 -6.5194246
  k -86.437523  212.509659 -41.777206
  r -0.405799295682099  0.297190820962479  0.864294248250884
  s  0.297190820962479  0.937172835172394 -0.182714785801766
  t -0.864294248250884  0.182714785801766 -0.468626460509705
  p  6
  x  0.255580957954238
}
B  77 {
  l  2
  d  65.3035982749348
  z -14.4959208  183.6164522 -0.8260446
  k -22.949797  238.324875  33.816132
  r  0.98905009841047  0.0708612039739148  0.129454982930777
  s  0.0708612039739148  0.541428734534583 -0.837755104545264
  t -0.129454982930777  0.837755104545264  0.530478832945053
  p  6
  x  0.135017837321746
}
B  78 {
  l  2
  d  1.7072890153404
  z  31.389753  253.37439  99.900917
  k  30.811491  254.819153  99.1987
  r  0.80512995704345  0.486874509948839  0.338701880469079
  s  0.486874509948839 -0.216435244953357 -0.84623223544371
  t -0.338701880469079  0.84623223544371 -0.411305287909907
  p  7
  x  0.990349313114543
}
B  79 {
  l  2
  d  17.5051947802334
  z  30.1726706  236.6519836  95.3637404
  k  26.064375  240.903534  111.840332
  r  0.971626676101383  0.0293626915673977  0.234690082091462
  s  0.0293626915673977  0.969613441866635 -0.242873641417621
  t -0.234690082091462  0.242873641417621  0.941240117968018
  p  7
  x  0.88988982264889
}
B  80 {
  l  2
  d  39.4728731562772
  z  27.5916054  221.7478822  85.3061798
  k  59.56971  242.106201  96.308334
  r  0.48674860848715 -0.326752807386909 -0.810128628676087
  s -0.326752807386909  0.791978358167679 -0.515754673327155
  t  0.810128628676087  0.515754673327155  0.278726966654829
  p  7
  x  0.775411140897389
}
B  81 {
  l  2
  d  60.303435412227
  z  21.824633  211.8253664  70.582976
  k  6.1428  256.611023  107.796272
  r  0.958181114046886  0.119430315683806  0.260048750005715
  s  0.119430315683806  0.658919648880042 -0.742671728299569
  t -0.260048750005715  0.742671728299569  0.617100762926928
  p  7
  x  0.663297729135202
}
B  82 {
  l  2
  d  73.4676836271609
  z  17.1911214  203.0120606  55.6861832
  k  26.178646  169.123428  120.248444
  r  0.992034546183063  0.0300347815342232 -0.122333033468301
  s  0.0300347815342232  0.886749942622182  0.461272642975658
  t  0.122333033468301 -0.461272642975658  0.878784488805244
  p  7
  x  0.557366069373869
}
B  83 {
  l  2
  d  83.1023003014331
  z  13.3683832  192.7587708  42.3842768
  k  79.327103  243.060272  47.404095
  r  0.4059179083892 -0.453059445887838 -0.793705102755893
  s -0.453059445887838  0.654487377406643 -0.605296135215797
  t  0.793705102755893  0.605296135215797  0.0604052857958426
  p  7
  x  0.451554340247827
}
B  84 {
  l  2
  d  84.8903787915124
  z  9.2943814  178.9541776  33.9721596
  k -49.465645  230.082199  67.729546
  r  0.657195960711786  0.298279176006875  0.692187115153679
  s  0.298279176006875  0.740462606496482 -0.602282875018953
  t -0.692187115153679  0.602282875018953  0.397658567208268
  p  7
  x  0.346845739114957
}
B  85 {
  l  2
  d  81.0699922849783
  z  8.64575  163.9129334  27.032523
  k  49.37492  171.967499  96.664429
  r  0.864221106469821 -0.026851517107622 -0.502395138472794
  s -0.026851517107622  0.994689867090273 -0.0993532301284365
  t  0.502395138472794  0.0993532301284365  0.858910973560094
  p  7
  x  0.246098793514618
}
B  86 {
  l  2
  d  69.8483766249618
  z  5.7531634  149.0668426  16.7557668
  k  30.84276  211.394928 -2.336578
  r  0.822440718377067 -0.441096373329367 -0.359200854942042
  s -0.441096373329367 -0.0957805685286729 -0.892334058594652
  t  0.359200854942042  0.892334058594652 -0.273339850151606
  p  7
  x  0.130667545169323
}
B  87 {
  l  2
  d  14.7270992916302
  z  24.1066106  221.7721954 -98.1059158
  k  22.86199  233.697769 -89.554947
  r  0.995481338378842  0.0432964324522782  0.0845122705669099
  s  0.0432964324522782  0.585146837657136 -0.809770706630438
  t -0.0845122705669099  0.809770706630438  0.580628176035978
  p  8
  x  0.920210864050289
}
B  88 {
  l  2
  d  32.9125152639322
  z  22.6140194  205.623941 -91.7981658
  k  44.683701  218.804779 -112.351227
  r -0.197379377486554 -0.715119677992596 -0.670555909295255
  s -0.715119677992596  0.572903823577021 -0.400481029611386
  t  0.670555909295255  0.400481029611386 -0.624475553909533
  p  8
  x  0.823639948315977
}
B  89 {
  l  2
  d  56.1334370228046
  z  18.8650634  192.7659942 -79.5188796
  k -9.780776  210.064148 -124.587189
  r -0.321128445378381  0.797780184361089  0.510316861380899
  s  0.797780184361089  0.518250307314421 -0.308161315562639
  t -0.510316861380899  0.308161315562639 -0.802878138063961
  p  8
  x  0.720498483329843
}
B  90 {
  l  2
  d  74.6374966046828
  z  15.08931  183.6520384 -63.0330202
  k  56.331982  239.571899 -90.286774
  r  0.519041990209344 -0.652118389951721 -0.552573088275477
  s -0.652118389951721  0.115809725887869 -0.749219402362587
  t  0.552573088275477  0.749219402362587 -0.365148283902787
  p  8
  x  0.620555143897077
}
B  91 {
  l  2
  d  85.5752641316858
  z  10.972625  172.6048464 -48.705493
  k  48.656269  150.756439 -122.364952
  r -0.392624861776205  0.807422852616249 -0.440356736054139
  s  0.807422852616249  0.531868430026832  0.255312181875115
  t  0.440356736054139 -0.255312181875115 -0.860756431749373
  p  8
  x  0.518628406592081
}
B  92 {
  l  2
  d  92.6157629620769
  z  7.2418836  159.6418032 -37.0737154
  k -58.291187  211.255234 -77.312378
  r  0.114691417175582  0.697263425288883  0.707580097643137
  s  0.697263425288883  0.450839748221431 -0.557285597497415
  t -0.707580097643137  0.557285597497415 -0.434468834602987
  p  8
  x  0.4171754899631
}
B  93 {
  l  2
  d  94.0393686585034
  z  6.667882  144.5120756 -29.0307914
  k  75.443314  205.779846 -10.067587
  r  0.554888703104238 -0.396522071146798 -0.731347232346408
  s -0.396522071146798  0.646763059030229 -0.651511928184983
  t  0.731347232346408  0.651511928184983  0.201651762134467
  p  8
  x  0.320252670093943
}
B  94 {
  l  2
  d  88.33677373111
  z  4.1253276  128.5883102 -23.632945
  k  13.416558  138.119125 -110.961189
  r  0.0310168612127307 -0.99396941443882 -0.105179643851175
  s -0.99396941443882 -0.0195999881652744 -0.107891814444243
  t  0.105179643851175  0.107891814444243 -0.988583126952544
  p  8
  x  0.226900503954845
}
B  95 {
  l  2
  d  74.027527676548
  z  1.2398106  112.9980348 -13.8184902
  k -38.773693  175.273682 -12.959334
  r  0.711187946035749  0.449497193736993  0.540521949818896
  s  0.449497193736993  0.300417955538513 -0.841249858729633
  t -0.540521949818896  0.841249858729633  0.0116059015742623
  p  8
  x  0.120089417864404
}
B  96 {
  l  3
  d  0.984346863716257
  z -10.985399  384.667328  11.940546
  k -10.668665  385.459534  11.4496
  r  0.793442340654134 -0.516636095524182 -0.321770720947102
  s -0.516636095524182 -0.292195390109186 -0.804803702029551
  t  0.321770720947102  0.804803702029551 -0.498753049455051
  p  13
  x  0.87607317649581
}
B  97 {
  l  3
  d  2.22886439575582
  z -20.089483  381.307739  11.530462
  k -21.803209  382.648773  11.048168
  r  0.245580283425547  0.590352536051091  0.768878538893286
  s  0.590352536051091  0.538034188177849 -0.601666930726501
  t -0.768878538893286  0.601666930726501 -0.216385528396604
  p  14
  x  0.757043177831633
}
B  98 {
  l  3
  d  2.59702699929434
  z -14.334144  381.493347  19.49791
  k -14.006666  383.726593  20.782402
  r  0.989361360865297 -0.0725505172653395 -0.126097264329167
  s -0.0725505172653395  0.505239581038279 -0.859924059552235
  t  0.126097264329167  0.859924059552235  0.494600941903576
  p  15
  x  0.730787896293489
}
B  99 {
  l  3
  d  2.4717787934708
  z -11.355227  379.4328  10.361981
  k -11.093081  381.23819  8.694187
  r  0.965419677902628 -0.238153424852467 -0.106055606874069
  s -0.238153424852467 -0.64015400461725 -0.73040112034658
  t  0.106055606874069  0.73040112034658 -0.674734326714622
  p  16
  x  0.740185151456269
}
B  100 {
  l  3
  d  2.01882766684081
  z -19.761003  376.752991  14.437277
  k -21.247263  378.10495  14.634516
  r  0.506249543419623  0.449134319384181  0.736199540164711
  s  0.449134319384181  0.591450227214416 -0.669675288389324
  t -0.736199540164711  0.669675288389324  0.0976997706340392
  p  17
  x  0.774434506112658
}
B  101 {
  l  3
  d  0.324576631347022
  z -14.1361946666667  387.201416  32.7892266666667
  k -14.355779  387.430298  32.858116
  r  0.622446689393834  0.39353971900628  0.67652539377847
  s  0.39353971900628  0.589796974136206 -0.705170914647104
  t -0.67652539377847  0.705170914647104  0.21224366353004
  p  21
  x  0.95039711068523
}
B  102 {
  l  3
  d  3.74918760065169
  z -7.29437133333333  382.653117  38.1193503333333
  k -5.799593  384.751587  40.843037
  r  0.907929766375878 -0.129254364238984 -0.398693928538947
  s -0.129254364238984  0.818544061232329 -0.55971325618254
  t  0.398693928538947  0.55971325618254  0.726473827608207
  p  22
  x  0.626046220448395
}
B  103 {
  l  3
  d  0.232508602519249
  z -3.904849  387.210246  26.2703553333333
  k -3.789963  387.313477  26.09656
  r  0.0331503842255166 -0.868764276640016 -0.494115051035536
  s -0.868764276640016  0.219370462529206 -0.44398787348741
  t  0.494115051035536  0.44398787348741 -0.747479153245278
  p  23
  x  0.980973011254929
}
B  104 {
  l  3
  d  6.03356703748866
  z -6.97755533333333  381.739858  29.2927416666667
  k -6.290839  387.423279  27.387203
  r  0.981066193329848 -0.156700502399215 -0.113815978022043
  s -0.156700502399215 -0.296889097894742 -0.941966993104896
  t  0.113815978022043  0.941966993104896 -0.315822904564894
  p  23
  x  0.483773514101885
}
B  105 {
  l  3
  d  3.93324958166542
  z -19.7374716666667  381.557271333333  35.570385
  k -23.484083  381.64978  36.764034
  r  0.303900930228611  0.0171875839480717  0.952548587508381
  s  0.0171875839480717  0.999575616381632 -0.0235196533415772
  t -0.952548587508381  0.0235196533415772  0.303476546610244
  p  24
  x  0.775470010643981
}
B  106 {
  l  3
  d  8.4972009275621
  z -13.7999246666667  377.671417333333  33.608387
  k -18.740074  382.485748  38.570198
  r  0.78660163456316  0.207963408718642  0.581385490992584
  s  0.207963408718642  0.797333127283595 -0.566578418906232
  t -0.581385490992584  0.566578418906232  0.583934761846755
  p  24
  x  0.382787106554741
}
B  107 {
  l  3
  d  0.31088576171249
  z  3.11585166666667  379.927653  46.6319286666667
  k  3.171713  379.993317  46.930622
  r  0.983533864005626 -0.0193556488793813 -0.179684437864332
  s -0.0193556488793813  0.977247780312886 -0.211215848671437
  t  0.179684437864332  0.211215848671437  0.960781644318512
  p  25
  x  0.984403302125127
}
B  108 {
  l  3
  d  7.73970113323075
  z -0.715018  376.655019  40.4256236666667
  k  4.90197  375.119232  45.524033
  r  0.68247224486869  0.0868178814820042 -0.72573706701454
  s  0.0868178814820042  0.976262407228287  0.198429755046484
  t  0.72573706701454 -0.198429755046484  0.658734652096977
  p  25
  x  0.6453778597926
}
B  109 {
  l  3
  d  10.8207031000091
  z -5.109626  373.970306333333  34.5786503333333
  k  1.239643  380.247437  40.691917
  r  0.779994674552761 -0.217505696355729 -0.586770465959341
  s -0.217505696355729  0.784965532761451 -0.580103770397453
  t  0.586770465959341  0.580103770397453  0.564960207314212
  p  25
  x  0.316039665800345
}
B  110 {
  l  3
  d  3.28179200930141
  z -7.17683666666667  387.844523333333  18.87619
  k -5.402465  390.437439  17.92827
  r  0.588943898203735 -0.60068238591113 -0.540671578709942
  s -0.60068238591113  0.122213909081628 -0.790091407169512
  t  0.540671578709942  0.790091407169512 -0.288842192714638
  p  26
  x  0.868453533384382
}
B  111 {
  l  3
  d  10.3728943809458
  z -8.43751266666667  380.554606333333  22.0544376666667
  k -8.29422  385.557739  12.969006
  r  0.998462506410829 -0.0536823312714781 -0.0138141449632308
  s -0.0536823312714781 -0.874344524775529 -0.482327543588704
  t  0.0138141449632308  0.482327543588704 -0.8758820183647
  p  26
  x  0.570455851363983
}
B  112 {
  l  3
  d  12.3107447116501
  z -9.23064733333333  373.795379333333  25.8503266666667
  k -11.680346  385.738617  24.143726
  r  0.9540309649208  0.224116998032775  0.198988665921115
  s  0.224116998032775 -0.0926578885261323 -0.970147456259437
  t -0.198988665921115  0.970147456259437 -0.138626923605333
  p  26
  x  0.281596326583156
}
B  113 {
  l  3
  d  6.64636857050614
  z -23.1510423333333  374.147817333333  42.7435416666667
  k -28.576591  376.798859  45.520161
  r  0.529982236061003  0.229660952804857  0.816317754441581
  s  0.229660952804857  0.887782638678992 -0.398870697365615
  t -0.816317754441581  0.398870697365615  0.417764874739995
  p  27
  x  0.770195567363401
}
B  114 {
  l  3
  d  12.7973936222075
  z -17.946424  370.786672  37.6069563333333
  k -26.663218  367.409332  46.346771
  r  0.724321670234577 -0.106812143346505  0.681138226839691
  s -0.106812143346505  0.958615412477353  0.26390842539525
  t -0.681138226839691 -0.26390842539525  0.68293708271193
  p  27
  x  0.506173269103291
}
B  115 {
  l  3
  d  13.7799584012964
  z -12.9441856666667  367.409546  32.6183953333333
  k -16.298304  374.852234  43.719906
  r  0.967187989964894  0.0728088663173273  0.243405548526023
  s  0.0728088663173273  0.838439308998666 -0.540109613052225
  t -0.243405548526023  0.540109613052225  0.80562729896356
  p  27
  x  0.24918432730622
}
B  116 {
  l  3
  d  1.53055456184811
  z  13.1304813333333  378.659220333333  39.1874873333333
  k  14.292719  379.630615  39.407017
  r  0.495707945714184 -0.421485747730572 -0.759357226222168
