//Pocet vetvi =  496
name = "Javor FULL"
B  0 {
  l  0
  r  0.999546883654379  0.020804076654246  0.0217535691642619
  s  0.020804076654246  0.0448157308423281 -0.998778624452702
  t -0.0217535691642619  0.998778624452702  0.0443626144967067
  p  0
  x  0
}
B  1 {
  l  1
  r  0.973243469045921  0.171939004811556  0.152427453511084
  s  0.171939004811556 -0.104889921130868 -0.979507571726514
  t -0.152427453511084  0.979507571726514 -0.131646452084947
  p  0
  x  0.89856922375422
}
B  2 {
  l  1
  r  0.999874883134633  0.00944496380105045  0.0126890005634792
  s  0.00944496380105045  0.287007863074286 -0.957881662415733
  t -0.0126890005634792  0.957881662415733  0.28688274620892
  p  0
  x  0.78433787380705
}
B  3 {
  l  1
  r  0.971188924242005 -0.19178027614202 -0.14146518692791
  s -0.19178027614202 -0.276581083818176 -0.941659826984699
  t  0.14146518692791  0.941659826984699 -0.305392159576171
  p  0
  x  0.685497076916487
}
B  4 {
  l  1
  r  0.829976356962639  0.330378452225575  0.44943222535557
  s  0.330378452225575  0.35803092002339 -0.87330632575989
  t -0.44943222535557  0.87330632575989  0.188007276986029
  p  0
  x  0.586958332359662
}
B  5 {
  l  1
  r  0.798665861804424 -0.387905173653395 -0.460067840042233
  s -0.387905173653395  0.25263333334507 -0.886400572617081
  t  0.460067840042233  0.886400572617081  0.0512991951494946
  p  0
  x  0.491293392181742
}
B  6 {
  l  1
  r  0.738325321665143  0.530473489034658  0.416501616826946
  s  0.530473489034658 -0.0753891983713504 -0.844342552641001
  t -0.416501616826946  0.844342552641001 -0.337063876706208
  p  0
  x  0.406849207661169
}
B  7 {
  l  1
  r  0.974939694052367 -0.0962374526820592 -0.200576533179598
  s -0.0962374526820592  0.630425609404573 -0.770260932222414
  t  0.200576533179598  0.770260932222414  0.605365303456939
  p  0
  x  0.324265420075188
}
B  8 {
  l  1
  r  0.952931716122508 -0.268656435143922 -0.140516419907325
  s -0.268656435143922 -0.533437682412609 -0.802039873596085
  t  0.140516419907325  0.802039873596085 -0.580505966290102
  p  0
  x  0.235849416955414
}
B  9 {
  l  2
  r  0.761598418884846  0.284615378630459  0.582204375283408
  s  0.284615378630459  0.660212346855906 -0.695063841172922
  t -0.582204375283408  0.695063841172922  0.421810765740752
  p  1
  x  0.947186844677354
}
B  10 {
  l  2
  r  0.671289448573033 -0.450422520543564 -0.588634036750931
  s -0.450422520543564  0.382799103551463 -0.806588122468574
  t  0.588634036750931  0.806588122468574  0.0540885521244951
  p  1
  x  0.849671815933499
}
B  11 {
  l  2
  r  0.402671320482614  0.795741031440172  0.452384812458728
  s  0.795741031440172 -0.0600592451530516 -0.602651721937453
  t -0.452384812458728  0.602651721937453 -0.657387924670437
  p  1
  x  0.766276509473872
}
B  12 {
  l  2
  r  0.918009015584877  0.168050002150291  0.359191653692248
  s  0.168050002150291  0.6555620910742 -0.736204823078272
  t -0.359191653692248  0.736204823078272  0.573571106659078
  p  1
  x  0.670020991715985
}
B  13 {
  l  2
  r  0.56440709959996 -0.617809579605838 -0.547499725359216
  s -0.617809579605838  0.123749087043871 -0.776529128109864
  t  0.547499725359216  0.776529128109864 -0.311843813356169
  p  1
  x  0.569921854178956
}
B  14 {
  l  2
  r  0.112009012413644  0.681730854284607  0.722977885868233
  s  0.681730854284607  0.476619735807372 -0.555046547377147
  t -0.722977885868233  0.555046547377147 -0.411371251778984
  p  1
  x  0.4742830464471
}
B  15 {
  l  2
  r  0.997960440805972  0.0262787961756727  0.0581754540842348
  s  0.0262787961756727  0.661409617105149 -0.749564368998672
  t -0.0581754540842348  0.749564368998672  0.659370057911122
  p  1
  x  0.386916128234439
}
B  16 {
  l  2
  r  0.604108181187966 -0.696212967838826 -0.387738067301653
  s -0.696212967838826 -0.224355931480069 -0.681873829548226
  t  0.387738067301653  0.681873829548226 -0.620247750292103
  p  1
  x  0.291908804393844
}
B  17 {
  l  2
  r  0.316051389549518  0.521410300007979  0.792617699909236
  s  0.521410300007979  0.602501274510457 -0.604254510333903
  t -0.792617699909236  0.604254510333903 -0.0814473359400253
  p  1
  x  0.188625547640739
}
B  18 {
  l  2
  r  0.927990071131443 -0.182509746552883 -0.324845532976309
  s -0.182509746552883  0.53742757269488 -0.823323628059156
  t  0.324845532976309  0.823323628059156  0.465417643826323
  p  1
  x  0.0907547174336656
}
B  19 {
  l  2
  r  0.995345420053044  0.0377331001730414  0.0886775503200273
  s  0.0377331001730414  0.69411056101854 -0.718878809142305
  t -0.0886775503200273  0.718878809142305  0.689455981071584
  p  2
  x  0.998625852291306
}
B  20 {
  l  2
  r  0.498153754031192 -0.658379833986593 -0.564250681474482
  s -0.658379833986593  0.136261336450935 -0.740249175878225
  t  0.564250681474482  0.740249175878225 -0.365584909517873
  p  2
  x  0.950394848989636
}
B  21 {
  l  2
  r  0.503633614169621  0.53254855452843  0.680253790690008
  s  0.53254855452843  0.42863181104444 -0.729840261722004
  t -0.680253790690008  0.729840261722004 -0.0677345747859392
  p  2
  x  0.902324729175517
}
B  22 {
  l  2
  r  0.962734162084663 -0.0666630567710813 -0.262104883619283
  s -0.0666630567710813  0.880749678883903 -0.468866761466238
  t  0.262104883619283  0.468866761466238  0.843483840968565
  p  2
  x  0.855732513143111
}
B  23 {
  l  2
  r  0.766021111083163 -0.522073157615975 -0.37503503232605
  s -0.522073157615975 -0.164893051526504 -0.836809356816212
  t  0.37503503232605  0.836809356816212 -0.398871940443341
  p  2
  x  0.809030639937563
}
B  24 {
  l  2
  r  0.584546696600914  0.345455790299765  0.73414266763438
  s  0.345455790299765  0.712748214840894 -0.610450881881158
  t -0.73414266763438  0.610450881881158  0.297294911441808
  p  2
  x  0.762553887562857
}
B  25 {
  l  2
  r  0.840408706909292 -0.136203159539664 -0.524558771428392
  s -0.136203159539664  0.883757438709122 -0.447684586352608
  t  0.524558771428392  0.447684586352608  0.724166145618414
  p  2
  x  0.715523038545571
}
B  26 {
  l  2
  r  0.990889338993165 -0.113769275663781 -0.072075445087954
  s -0.113769275663781 -0.420692535410032 -0.900041300477493
  t  0.072075445087954  0.900041300477493 -0.429803196416867
  p  2
  x  0.6688271058
}
B  27 {
  l  2
  r  0.790367111803019  0.152089857197838  0.59345471934908
  s  0.152089857197838  0.889657940309807 -0.430554786968224
  t -0.59345471934908  0.430554786968224  0.680025052112826
  p  2
  x  0.619571647116799
}
B  28 {
  l  2
  r  0.660639400449288 -0.28134065702852 -0.695990673268519
  s -0.28134065702852  0.766759708103912 -0.576998253663877
  t  0.695990673268519  0.576998253663877  0.4273991085532
  p  2
  x  0.570258204422793
}
B  29 {
  l  2
  r  0.843027510861411  0.443399394130413  0.304469363344814
  s  0.443399394130413 -0.252468020314304 -0.860033066808108
  t -0.304469363344814  0.860033066808108 -0.409440509452893
  p  2
  x  0.519885786714369
}
B  30 {
  l  2
  r  0.94976641991858  0.0783751623032254  0.302986932934388
  s  0.0783751623032254  0.877717931787847 -0.472724619786201
  t -0.302986932934388  0.472724619786201  0.827484351706426
  p  2
  x  0.467291334318151
}
B  31 {
  l  2
  r  0.521951430437556 -0.490561874488036 -0.697793487761941
  s -0.490561874488036  0.496597274788456 -0.716058792259032
  t  0.697793487761941  0.716058792259032  0.0185487052260112
  p  2
  x  0.413930101113767
}
B  32 {
  l  2
  r  0.485526061964647  0.615837260124854  0.620490863909385
  s  0.615837260124854  0.262828487665734 -0.742741984213399
  t -0.620490863909385  0.742741984213399 -0.251645450369619
  p  2
  x  0.359684850664655
}
B  33 {
  l  2
  r  0.999373756866069 -0.00918449141614605 -0.0341721992974654
  s -0.00918449141614605  0.865300107892965 -0.501169999499022
  t  0.0341721992974654  0.501169999499022  0.864673864759034
  p  2
  x  0.303400454977171
}
B  34 {
  l  2
  r  0.602806866504471 -0.606589708744784 -0.518336576888008
  s -0.606589708744784  0.0736217630025453 -0.791598863855497
  t  0.518336576888008  0.791598863855497 -0.323571370492983
  p  2
  x  0.245986740385058
}
B  35 {
  l  2
  r  0.473199095949943  0.447374765371515  0.758906077786269
  s  0.447374765371515  0.620076239139863 -0.644485280641029
  t -0.758906077786269  0.644485280641029  0.0932753350898059
  p  2
  x  0.187191049641927
}
B  36 {
  l  2
  r  0.911063924140575 -0.112615011457997 -0.396585911655837
  s -0.112615011457997  0.857401614776318 -0.502175596951184
  t  0.396585911655837  0.502175596951184  0.768465538916893
  p  2
  x  0.126611898579501
}
B  37 {
  l  2
  r  0.869811890986292 -0.439649168114163 -0.223910435834006
  s -0.439649168114163 -0.484708492102945 -0.756152290653023
  t  0.223910435834006  0.756152290653023 -0.614896601116652
  p  2
  x  0.0639426372736551
}
B  38 {
  l  2
  r  0.999893172295592 -0.0135824749424123 -0.00540003436078341
  s -0.0135824749424123 -0.726926798459737 -0.686580618759018
  t  0.00540003436078341  0.686580618759018 -0.727033626164146
  p  3
  x  0.99868328721973
}
B  39 {
  l  2
  r  0.882410607665882  0.254677211948298  0.395589480639931
  s  0.254677211948298  0.448415533082574 -0.856774782194546
  t -0.395589480639931  0.856774782194546  0.330826140748457
  p  3
  x  0.92074773296822
}
B  40 {
  l  2
  r  0.176663257545306 -0.427664176855581 -0.88650631428542
  s -0.427664176855581  0.777859241869525 -0.460476222700593
  t  0.88650631428542  0.460476222700593 -0.0454775005851689
  p  3
  x  0.844064216012016
}
B  41 {
  l  2
  r  0.60821258804264  0.756633344511727  0.23996547609911
  s  0.756633344511727 -0.461236376040862 -0.463429592699572
  t -0.23996547609911  0.463429592699572 -0.853023787998222
  p  3
  x  0.769201352455644
}
B  42 {
  l  2
  r  0.977923478706973  0.11917491700478  0.171647921486266
  s  0.11917491700478  0.356662190814339 -0.926601004100697
  t -0.171647921486266  0.926601004100697  0.334585669521313
  p  3
  x  0.695144262881434
}
B  43 {
  l  2
  r -0.273457409925178 -0.513794185137662 -0.813164546863511
  s -0.513794185137662  0.792702557130055 -0.328082598194722
  t  0.813164546863511  0.328082598194722 -0.480754852795123
  p  3
  x  0.622326381153759
}
B  44 {
  l  2
  r  0.161587938861978  0.867621291874955  0.470236782801572
  s  0.867621291874955  0.102151864212218 -0.486619245944099
  t -0.470236782801572  0.486619245944099 -0.736260196925804
  p  3
  x  0.550953386746886
}
B  45 {
  l  2
  r  0.959518300769 -0.139011913262238 -0.244949624332316
  s -0.139011913262238  0.522640788407669 -0.84114344452286
  t  0.244949624332316  0.84114344452286  0.48215908917667
  p  3
  x  0.480486963695006
}
B  46 {
  l  2
  r -0.285168936007509 -0.746909459467585 -0.600670406541046
  s -0.746909459467585  0.565914079455387 -0.349095279303518
  t  0.600670406541046  0.349095279303518 -0.719254856552122
  p  3
  x  0.410216913067439
}
B  47 {
  l  2
  r  0.384015639911543  0.62262945590821  0.681809760078847
  s  0.62262945590821  0.370653762525913 -0.689164964983588
  t -0.681809760078847  0.689164964983588 -0.245330597562544
  p  3
  x  0.33722253229503
}
B  48 {
  l  2
  r  0.79231107583814 -0.278183868610931 -0.543007269149195
  s -0.278183868610931  0.627393395831578 -0.727317854937975
  t  0.543007269149195  0.727317854937975  0.419704471669717
  p  3
  x  0.260071162967237
}
B  49 {
  l  2
  r  0.395848474174038 -0.874554198456786 -0.280105229254463
  s -0.874554198456786 -0.265982147430213 -0.405473120206533
  t  0.280105229254463  0.405473120206533 -0.870133673256175
  p  3
  x  0.179776670909439
}
B  50 {
  l  2
  r  0.713217202691312  0.42889269530363  0.554411650040263
  s  0.42889269530363  0.358577481595547 -0.829140063926345
  t -0.554411650040263  0.829140063926345  0.0717946842868587
  p  3
  x  0.0931382167757264
}
B  51 {
  l  2
  r  0.989709131504584  0.0528509776466169  0.132975972183844
  s  0.0528509776466169  0.728572390226591 -0.682926823577247
  t -0.132975972183844  0.682926823577247  0.718281521731175
  p  4
  x  0.942193398348582
}
B  52 {
  l  2
  r  0.766966388681877 -0.506430209038036 -0.394069793318356
  s -0.506430209038036 -0.100577531179351 -0.856395121188554
  t  0.394069793318356  0.856395121188554 -0.333611142497475
  p  4
  x  0.846000779058495
}
B  53 {
  l  2
  r -0.00035840947866167  0.305832778232707  0.952085176494787
  s  0.305832778232707  0.906499823108119 -0.291074530770753
  t -0.952085176494787  0.291074530770753 -0.0938585863705431
  p  4
  x  0.748262188193853
}
B  54 {
  l  2
  r  0.965930052094757  0.0629884764527514  0.25102108735001
  s  0.0629884764527514  0.883546984665971 -0.464087467749163
  t -0.25102108735001  0.464087467749163  0.849477036760728
  p  4
  x  0.657022948020849
}
B  55 {
  l  2
  r  0.734903754510411  0.555927147391194  0.388408906180061
  s  0.555927147391194 -0.165821841934188 -0.814523249226836
  t -0.388408906180061  0.814523249226836 -0.430918087423777
  p  4
  x  0.568920868879652
}
B  56 {
  l  2
  r  0.238886632865898  0.00877908526893915  0.971007777672164
  s  0.00877908526893915  0.999898737374106 -0.0112001187274971
  t -0.971007777672164  0.0112001187274971  0.238785370240004
  p  4
  x  0.478853520800413
}
B  57 {
  l  2
  r  0.947345044333208 -0.122368475952572 -0.295911005321459
  s -0.122368475952572  0.715619475558709 -0.687687954158078
  t  0.295911005321459  0.687687954158078  0.662964519891917
  p  4
  x  0.390930685427235
}
B  58 {
  l  2
  r  0.717398945325781  0.633039530525861  0.290860286111828
  s  0.633039530525861 -0.418038045436074 -0.651540593792577
  t -0.290860286111828  0.651540593792577 -0.700639100110293
  p  4
  x  0.304816757703526
}
B  59 {
  l  2
  r  0.611723416718277  0.125184535200014  0.781103894232562
  s  0.125184535200014  0.959639163091447 -0.251836273812774
  t -0.781103894232562  0.251836273812774  0.571362579809725
  p  4
  x  0.213538567627059
}
B  60 {
  l  2
  r  0.864445816342954 -0.283570354190112 -0.41511598961213
  s -0.283570354190112  0.406789642295736 -0.868395095072169
  t  0.41511598961213  0.868395095072169  0.27123545863869
  p  4
  x  0.111805784611266
}
B  61 {
  l  2
  r  0.759239873687678  0.388249490059058  0.522319009487114
  s  0.388249490059058  0.373909339391288 -0.842291006354011
  t -0.522319009487114  0.842291006354011  0.133149213078966
  p  5
  x  0.994014693751686
}
B  62 {
  l  2
  r  0.65515565041607 -0.172280012989344 -0.735588656011148
  s -0.172280012989344  0.913931015800551 -0.367491082180459
  t  0.735588656011148  0.367491082180459  0.569086666216621
  p  5
  x  0.885454015932126
}
B  63 {
  l  2
  r  0.443534213084428 -0.770092063638879 -0.458514574843581
  s -0.770092063638879 -0.06572910756428 -0.634537546516529
  t  0.458514574843581  0.634537546516529 -0.622194894479852
  p  5
  x  0.769424930107474
}
B  64 {
  l  2
  r  0.992259476340404 -0.0635036317522656 -0.106716542142914
  s -0.0635036317522656  0.479013123262298 -0.875507690712521
  t  0.106716542142914  0.875507690712521  0.471272599602702
  p  5
  x  0.659117623553904
}
B  65 {
  l  2
  r  0.254140036091267  0.0440654751313397 -0.966163069029747
  s  0.0440654751313397  0.997396607684404  0.0570810028038436
  t  0.966163069029747 -0.0570810028038436  0.251536643775671
  p  5
  x  0.552851853272007
}
B  66 {
  l  2
  r  0.945331344036177 -0.301131809052373 -0.125173014502328
  s -0.301131809052373 -0.658726830291252 -0.689491549354512
  t  0.125173014502328  0.689491549354512 -0.713395486255075
  p  5
  x  0.449528463062862
}
B  67 {
  l  2
  r  0.999978126592785  0.00220328451578941  0.00623633492733707
  s  0.00220328451578941  0.778065547362159 -0.628179233615189
  t -0.00623633492733707  0.628179233615189  0.778043673954944
  p  5
  x  0.348071156994006
}
B  68 {
  l  2
  r -0.0618765181529506 -0.27237724198082 -0.960198903640381
  s -0.27237724198082  0.930133720182338 -0.246296367473589
  t  0.960198903640381  0.246296367473589 -0.131742797970612
  p  5
  x  0.245222371331814
}
B  69 {
  l  2
  r  0.869858103681849  0.410285442846852  0.273884528308883
  s  0.410285442846852 -0.293466204000291 -0.863448575479525
  t -0.273884528308883  0.863448575479525 -0.423608100318441
  p  5
  x  0.129543865887043
}
B  70 {
  l  2
  r  0.672219899459144  0.682361749423087  0.287233092967022
  s  0.682361749423087 -0.420518073877702 -0.59795233293838
  t -0.287233092967022  0.59795233293838 -0.748298174418558
  p  6
  x  0.929006272129057
}
B  71 {
  l  2
  r  0.555768484455525  0.351568167747205  0.75334003949935
  s  0.351568167747205  0.721766303721978 -0.596198982084326
  t -0.75334003949935  0.596198982084326  0.277534788177502
  p  6
  x  0.810426776879681
}
B  72 {
  l  2
  r  0.982978642056932 -0.157664151091122 -0.0943133326769141
  s -0.157664151091122 -0.460399612206457 -0.873598427505945
  t  0.0943133326769141  0.873598427505945 -0.477420970149525
  p  6
  x  0.69193950604842
}
B  73 {
  l  2
  r -0.576605616058913 -0.536696994536356  0.616021346695846
  s -0.536696994536356  0.817301384055457  0.209701653967434
  t -0.616021346695846 -0.209701653967434 -0.759304232003456
  p  6
  x  0.580021576331531
}
B  74 {
  l  2
  r  0.709573759829829  0.279007060957071  0.647039519115376
  s  0.279007060957071  0.731963131092112 -0.621598773050534
  t -0.647039519115376  0.621598773050534  0.441536890921941
  p  6
  x  0.470860029778304
}
B  75 {
  l  2
  r  0.549811153733889 -0.728809318048819 -0.408098852185382
  s -0.728809318048819 -0.179867130161657 -0.660669958006738
  t  0.408098852185382  0.660669958006738 -0.630055976427769
  p  6
  x  0.362186547409636
}
B  76 {
  l  2
  r -0.405799295682099  0.297190820962479  0.864294248250884
  s  0.297190820962479  0.937172835172394 -0.182714785801766
  t -0.864294248250884  0.182714785801766 -0.468626460509705
  p  6
  x  0.255580957954238
}
B  77 {
  l  2
  r  0.98905009841047  0.0708612039739148  0.129454982930777
  s  0.0708612039739148  0.541428734534583 -0.837755104545264
  t -0.129454982930777  0.837755104545264  0.530478832945053
  p  6
  x  0.135017837321746
}
B  78 {
  l  2
  r  0.80512995704345  0.486874509948839  0.338701880469079
  s  0.486874509948839 -0.216435244953357 -0.84623223544371
  t -0.338701880469079  0.84623223544371 -0.411305287909907
  p  7
  x  0.990349313114543
}
B  79 {
  l  2
  r  0.971626676101383  0.0293626915673977  0.234690082091462
  s  0.0293626915673977  0.969613441866635 -0.242873641417621
  t -0.234690082091462  0.242873641417621  0.941240117968018
  p  7
  x  0.88988982264889
}
B  80 {
  l  2
  r  0.48674860848715 -0.326752807386909 -0.810128628676087
  s -0.326752807386909  0.791978358167679 -0.515754673327155
  t  0.810128628676087  0.515754673327155  0.278726966654829
  p  7
  x  0.775411140897389
}
B  81 {
  l  2
  r  0.958181114046886  0.119430315683806  0.260048750005715
  s  0.119430315683806  0.658919648880042 -0.742671728299569
  t -0.260048750005715  0.742671728299569  0.617100762926928
  p  7
  x  0.663297729135202
}
B  82 {
  l  2
  r  0.992034546183063  0.0300347815342232 -0.122333033468301
  s  0.0300347815342232  0.886749942622182  0.461272642975658
  t  0.122333033468301 -0.461272642975658  0.878784488805244
  p  7
  x  0.557366069373869
}
B  83 {
  l  2
  r  0.4059179083892 -0.453059445887838 -0.793705102755893
  s -0.453059445887838  0.654487377406643 -0.605296135215797
  t  0.793705102755893  0.605296135215797  0.0604052857958426
  p  7
  x  0.451554340247827
}
B  84 {
  l  2
  r  0.657195960711786  0.298279176006875  0.692187115153679
  s  0.298279176006875  0.740462606496482 -0.602282875018953
  t -0.692187115153679  0.602282875018953  0.397658567208268
  p  7
  x  0.346845739114957
}
B  85 {
  l  2
  r  0.864221106469821 -0.026851517107622 -0.502395138472794
  s -0.026851517107622  0.994689867090273 -0.0993532301284365
  t  0.502395138472794  0.0993532301284365  0.858910973560094
  p  7
  x  0.246098793514618
}
B  86 {
  l  2
  r  0.822440718377067 -0.441096373329367 -0.359200854942042
  s -0.441096373329367 -0.0957805685286729 -0.892334058594652
  t  0.359200854942042  0.892334058594652 -0.273339850151606
  p  7
  x  0.130667545169323
}
B  87 {
  l  2
  r  0.995481338378842  0.0432964324522782  0.0845122705669099
  s  0.0432964324522782  0.585146837657136 -0.809770706630438
  t -0.0845122705669099  0.809770706630438  0.580628176035978
  p  8
  x  0.920210864050289
}
B  88 {
  l  2
  r -0.197379377486554 -0.715119677992596 -0.670555909295255
  s -0.715119677992596  0.572903823577021 -0.400481029611386
  t  0.670555909295255  0.400481029611386 -0.624475553909533
  p  8
  x  0.823639948315977
}
B  89 {
  l  2
  r -0.321128445378381  0.797780184361089  0.510316861380899
  s  0.797780184361089  0.518250307314421 -0.308161315562639
  t -0.510316861380899  0.308161315562639 -0.802878138063961
  p  8
  x  0.720498483329843
}
B  90 {
  l  2
  r  0.519041990209344 -0.652118389951721 -0.552573088275477
  s -0.652118389951721  0.115809725887869 -0.749219402362587
  t  0.552573088275477  0.749219402362587 -0.365148283902787
  p  8
  x  0.620555143897077
}
B  91 {
  l  2
  r -0.392624861776205  0.807422852616249 -0.440356736054139
  s  0.807422852616249  0.531868430026832  0.255312181875115
  t  0.440356736054139 -0.255312181875115 -0.860756431749373
  p  8
  x  0.518628406592081
}
B  92 {
  l  2
  r  0.114691417175582  0.697263425288883  0.707580097643137
  s  0.697263425288883  0.450839748221431 -0.557285597497415
  t -0.707580097643137  0.557285597497415 -0.434468834602987
  p  8
  x  0.4171754899631
}
B  93 {
  l  2
  r  0.554888703104238 -0.396522071146798 -0.731347232346408
  s -0.396522071146798  0.646763059030229 -0.651511928184983
  t  0.731347232346408  0.651511928184983  0.201651762134467
  p  8
  x  0.320252670093943
}
B  94 {
  l  2
  r  0.0310168612127307 -0.99396941443882 -0.105179643851175
  s -0.99396941443882 -0.0195999881652744 -0.107891814444243
  t  0.105179643851175  0.107891814444243 -0.988583126952544
  p  8
  x  0.226900503954845
}
B  95 {
  l  2
  r  0.711187946035749  0.449497193736993  0.540521949818896
  s  0.449497193736993  0.300417955538513 -0.841249858729633
  t -0.540521949818896  0.841249858729633  0.0116059015742623
  p  8
  x  0.120089417864404
}
B  96 {
  l  3
  r  0.793442340654134 -0.516636095524182 -0.321770720947102
  s -0.516636095524182 -0.292195390109186 -0.804803702029551
  t  0.321770720947102  0.804803702029551 -0.498753049455051
  p  13
  x  0.87607317649581
}
B  97 {
  l  3
  r  0.245580283425547  0.590352536051091  0.768878538893286
  s  0.590352536051091  0.538034188177849 -0.601666930726501
  t -0.768878538893286  0.601666930726501 -0.216385528396604
  p  14
  x  0.757043177831633
}
B  98 {
  l  3
  r  0.989361360865297 -0.0725505172653395 -0.126097264329167
  s -0.0725505172653395  0.505239581038279 -0.859924059552235
  t  0.126097264329167  0.859924059552235  0.494600941903576
  p  15
  x  0.730787896293489
}
B  99 {
  l  3
  r  0.965419677902628 -0.238153424852467 -0.106055606874069
  s -0.238153424852467 -0.64015400461725 -0.73040112034658
  t  0.106055606874069  0.73040112034658 -0.674734326714622
  p  16
  x  0.740185151456269
}
B  100 {
  l  3
  r  0.506249543419623  0.449134319384181  0.736199540164711
  s  0.449134319384181  0.591450227214416 -0.669675288389324
  t -0.736199540164711  0.669675288389324  0.0976997706340392
  p  17
  x  0.774434506112658
}
B  101 {
  l  3
  r  0.622446689393834  0.39353971900628  0.67652539377847
  s  0.39353971900628  0.589796974136206 -0.705170914647104
  t -0.67652539377847  0.705170914647104  0.21224366353004
  p  21
  x  0.95039711068523
}
B  102 {
  l  3
  r  0.907929766375878 -0.129254364238984 -0.398693928538947
  s -0.129254364238984  0.818544061232329 -0.55971325618254
  t  0.398693928538947  0.55971325618254  0.726473827608207
  p  22
  x  0.626046220448395
}
B  103 {
  l  3
  r  0.0331503842255166 -0.868764276640016 -0.494115051035536
  s -0.868764276640016  0.219370462529206 -0.44398787348741
  t  0.494115051035536  0.44398787348741 -0.747479153245278
  p  23
  x  0.980973011254929
}
B  104 {
  l  3
  r  0.981066193329848 -0.156700502399215 -0.113815978022043
  s -0.156700502399215 -0.296889097894742 -0.941966993104896
  t  0.113815978022043  0.941966993104896 -0.315822904564894
  p  23
  x  0.483773514101885
}
B  105 {
  l  3
  r  0.303900930228611  0.0171875839480717  0.952548587508381
  s  0.0171875839480717  0.999575616381632 -0.0235196533415772
  t -0.952548587508381  0.0235196533415772  0.303476546610244
  p  24
  x  0.775470010643981
}
B  106 {
  l  3
  r  0.78660163456316  0.207963408718642  0.581385490992584
  s  0.207963408718642  0.797333127283595 -0.566578418906232
  t -0.581385490992584  0.566578418906232  0.583934761846755
  p  24
  x  0.382787106554741
}
B  107 {
  l  3
  r  0.983533864005626 -0.0193556488793813 -0.179684437864332
  s -0.0193556488793813  0.977247780312886 -0.211215848671437
  t  0.179684437864332  0.211215848671437  0.960781644318512
  p  25
  x  0.984403302125127
}
B  108 {
  l  3
  r  0.68247224486869  0.0868178814820042 -0.72573706701454
  s  0.0868178814820042  0.976262407228287  0.198429755046484
  t  0.72573706701454 -0.198429755046484  0.658734652096977
  p  25
  x  0.6453778597926
}
B  109 {
  l  3
  r  0.779994674552761 -0.217505696355729 -0.586770465959341
  s -0.217505696355729  0.784965532761451 -0.580103770397453
  t  0.586770465959341  0.580103770397453  0.564960207314212
  p  25
  x  0.316039665800345
}
B  110 {
  l  3
  r  0.588943898203735 -0.60068238591113 -0.540671578709942
  s -0.60068238591113  0.122213909081628 -0.790091407169512
  t  0.540671578709942  0.790091407169512 -0.288842192714638
  p  26
  x  0.868453533384382
}
B  111 {
  l  3
  r  0.998462506410829 -0.0536823312714781 -0.0138141449632308
  s -0.0536823312714781 -0.874344524775529 -0.482327543588704
  t  0.0138141449632308  0.482327543588704 -0.8758820183647
  p  26
  x  0.570455851363983
}
B  112 {
  l  3
  r  0.9540309649208  0.224116998032775  0.198988665921115
  s  0.224116998032775 -0.0926578885261323 -0.970147456259437
  t -0.198988665921115  0.970147456259437 -0.138626923605333
  p  26
  x  0.281596326583156
}
B  113 {
  l  3
  r  0.529982236061003  0.229660952804857  0.816317754441581
  s  0.229660952804857  0.887782638678992 -0.398870697365615
  t -0.816317754441581  0.398870697365615  0.417764874739995
  p  27
  x  0.770195567363401
}
B  114 {
  l  3
  r  0.724321670234577 -0.106812143346505  0.681138226839691
  s -0.106812143346505  0.958615412477353  0.26390842539525
  t -0.681138226839691 -0.26390842539525  0.68293708271193
  p  27
  x  0.506173269103291
}
B  115 {
  l  3
  r  0.967187989964894  0.0728088663173273  0.243405548526023
  s  0.0728088663173273  0.838439308998666 -0.540109613052225
  t -0.243405548526023  0.540109613052225  0.80562729896356
  p  27
  x  0.24918432730622
}
B  116 {
  l  3
  r  0.495707945714184 -0.421485747730572 -0.759357226222168
  s -0.421485747730572  0.647723508569673 -0.634668433834702
  t  0.759357226222168  0.634668433834702  0.143431454283858
  p  28
  x  0.94826614327616
}
B  117 {
  l  3
  r  0.867674483207255 -0.0671569896257915 -0.492575811358439
  s -0.0671569896257915  0.965916919390063 -0.249988886913821
  t  0.492575811358439  0.249988886913821  0.833591402597318
  p  28
  x  0.701140316575781
}
B  118 {
  l  3
  r  0.293404246720656  0.00319415913863947 -0.955983130266262
  s  0.00319415913863947  0.999985560835095  0.00432151231839906
  t  0.955983130266262 -0.00432151231839906  0.293389807555751
  p  28
  x  0.461143880453012
}
B  119 {
  l  3
  r  0.819416615582196 -0.336902700927066 -0.463738051291748
  s -0.336902700927066  0.371462494969381 -0.865165986929197
  t  0.463738051291748  0.865165986929197  0.190879110551576
  p  28
  x  0.228270337091083
}
B  120 {
  l  3
  r  0.435899700397878  0.572858122682406  0.694136169976634
  s  0.572858122682406  0.418248086457894 -0.704912838194269
  t -0.694136169976634  0.704912838194269 -0.145852213144229
  p  29
  x  0.881025285854119
}
B  121 {
  l  3
  r  0.971951760375312 -0.205450133881305 -0.114455310018741
  s -0.205450133881305 -0.504898634518692 -0.838372000575708
  t  0.114455310018741  0.838372000575708 -0.53294687414338
  p  29
  x  0.652459390577256
}
B  122 {
  l  3
  r -0.178225589228004  0.828756539153377  0.530469827751634
  s  0.828756539153377  0.417057813487558 -0.373129172029599
  t -0.530469827751634  0.373129172029599 -0.761167775740446
  p  29
  x  0.429541280181908
}
B  123 {
  l  3
  r  0.848742707859229  0.342849194359803  0.402604329065918
  s  0.342849194359803  0.222876673186973 -0.912568034984757
  t -0.402604329065918  0.912568034984757  0.0716193810462014
  p  29
  x  0.211176000720201
}
B  124 {
  l  3
  r  0.994593064324609 -0.0154080525486452 -0.102699699678444
  s -0.0154080525486452  0.956091934952668 -0.292661585854928
  t  0.102699699678444  0.292661585854928  0.950684999277277
  p  30
  x  0.836942074102964
}
B  125 {
  l  3
  r  0.743637789442818  0.148932951246925  0.651783563881048
  s  0.148932951246925  0.913477794098786 -0.378651945355227
  t -0.651783563881048  0.378651945355227  0.657115583541604
  p  30
  x  0.619334404939016
}
B  126 {
  l  3
  r  0.950211894035069 -0.0269412613539829  0.310437634430724
  s -0.0269412613539829  0.985421587158691  0.167983522996462
  t -0.310437634430724 -0.167983522996462  0.93563348119376
  p  30
  x  0.407397446763456
}
B  127 {
  l  3
  r  0.998088802096001 -0.0235922871618893 -0.0571152091569408
  s -0.0235922871618893  0.708771126022917 -0.705043895727548
  t  0.0571152091569408  0.705043895727548  0.706859928118918
  p  30
  x  0.201927874023054
}
B  128 {
  l  3
  r  0.518185824114187 -0.622065546764121 -0.58695647812777
  s -0.622065546764121  0.196857286817037 -0.757813739751457
  t  0.58695647812777  0.757813739751457 -0.284956889068775
  p  31
  x  0.813708629309527
}
B  129 {
  l  3
  r  0.623543477507563 -0.219759033070296 -0.750266285422572
  s -0.219759033070296  0.871714182832463 -0.437973002401677
  t  0.750266285422572  0.437973002401677  0.495257660340026
  p  31
  x  0.6020176760506
}
B  130 {
  l  3
  r -0.151960985731036 -0.262072144125343 -0.953008945440282
  s -0.262072144125343  0.940378355189808 -0.216810378819965
  t  0.953008945440282  0.216810378819965 -0.211582630541228
  p  31
  x  0.395687889039844
}
B  131 {
  l  3
  r  0.904138320696627 -0.311331561139564 -0.292585980672836
  s -0.311331561139564 -0.0111166596075652 -0.950236327929832
  t  0.292585980672836  0.950236327929832 -0.106978338910938
  p  31
  x  0.19530721591541
}
B  132 {
  l  3
  r  0.408467821552159  0.37994276468951  0.829938271389219
  s  0.37994276468951  0.755961704706082 -0.533071661766001
  t -0.829938271389219  0.533071661766001  0.164429526258241
  p  32
  x  0.804987495041487
}
B  133 {
  l  3
  r  0.683635330806895  0.620870886371549  0.383617096762848
  s  0.620870886371549 -0.218469364885049 -0.752854885793359
  t -0.383617096762848  0.752854885793359 -0.534834034078155
  p  32
  x  0.596267138134641
}
B  134 {
  l  3
  r -0.34316391784447  0.303597062250412  0.888857327855575
  s  0.303597062250412  0.931377566816269 -0.20090956130639
  t -0.888857327855575  0.20090956130639 -0.411786351028201
  p  32
  x  0.392353487462107
}
B  135 {
  l  3
  r  0.783997305212572  0.355633045874011  0.508795992615702
  s  0.355633045874011  0.414475530307189 -0.837696348003827
  t -0.508795992615702  0.837696348003827  0.198472835519761
  p  32
  x  0.193547242642073
}
B  136 {
  l  3
  r  0.906449539485053 -0.0946075561472716 -0.411580663645872
  s -0.0946075561472716  0.90432340331741 -0.416231417041359
  t  0.411580663645872  0.416231417041359  0.810772942802463
  p  33
  x  0.810728055425889
}
B  137 {
  l  3
  r  0.917396571294726  0.0681579678602267  0.392094404950956
  s  0.0681579678602267  0.943761310448617 -0.323526011809674
  t -0.392094404950956  0.323526011809674  0.861157881743343
  p  33
  x  0.599617944911344
}
B  138 {
  l  3
  r  0.988450458148144  0.00790713651613028 -0.151337929742809
  s  0.00790713651613028  0.994586555147668  0.103610141934126
  t  0.151337929742809 -0.103610141934126  0.983037013295812
  p  33
  x  0.394273115542102
}
B  139 {
  l  3
  r  0.957742922854409 -0.126163267193723 -0.258478865157867
  s -0.126163267193723  0.623325344198454 -0.771717788631883
  t  0.258478865157867  0.771717788631883  0.581068267052863
  p  33
  x  0.195478245230698
}
B  140 {
  l  3
  r  0.889093727006432 -0.400461829337125 -0.221681455791358
  s -0.400461829337125 -0.445992840867867 -0.80045031647103
  t  0.221681455791358  0.80045031647103 -0.556899113861435
  p  34
  x  0.831178684467186
}
B  141 {
  l  3
  r  0.383320439957729 -0.441091731806512 -0.811482300757413
  s -0.441091731806512  0.684500786997494 -0.580428080585134
  t  0.811482300757413  0.580428080585134  0.0678212269552232
  p  34
  x  0.615166774882544
}
B  142 {
  l  3
  r -0.390131780446618 -0.614747554991277 -0.685479859308644
  s -0.614747554991277  0.72814479772102 -0.303134618913876
  t  0.685479859308644  0.303134618913876 -0.661986982725598
  p  34
  x  0.404708933528445
}
B  143 {
  l  3
  r  0.994278569396747 -0.084036804431929 -0.0659389258270689
  s -0.084036804431929 -0.234338924798824 -0.968515918209402
  t  0.0659389258270689  0.968515918209402 -0.240060355402077
  p  34
  x  0.199346794088799
}
B  144 {
  l  3
  r  0.649057873595196  0.190710438984445  0.736446471365328
  s  0.190710438984445  0.896363335145216 -0.400202823415458
  t -0.736446471365328  0.400202823415458  0.545421208740412
  p  35
  x  0.869008755859195
}
B  145 {
  l  3
  r  0.288053640897462  0.63105996478502  0.720269686167095
  s  0.63105996478502  0.440636679908753 -0.638437653310423
  t -0.720269686167095  0.638437653310423 -0.271309679193785
  p  35
  x  0.643923589026143
}
B  146 {
  l  3
  r  0.0725803336811251  0.0212479470365647  0.997136209306165
  s  0.0212479470365647  0.999513192064321 -0.0228452103540939
  t -0.997136209306165  0.0228452103540939  0.0720935257454462
  p  35
  x  0.423936163608061
}
B  147 {
  l  3
  r  0.849848377520164  0.254384082015807  0.461569576600667
  s  0.254384082015807  0.569027226517547 -0.781982579280845
  t -0.461569576600667  0.781982579280845  0.418875604037712
  p  35
  x  0.209011578314132
}
B  148 {
  l  3
  r  0.999998447116238 -0.000254472356050821 -0.00174384888490463
  s -0.000254472356050821  0.958299402980781 -0.285765969790839
  t  0.00174384888490463  0.285765969790839  0.958297850097019
  p  36
  x  0.746244129703275
}
B  149 {
  l  3
  r  0.809200423717919  0.0453803495036986 -0.585777515899734
  s  0.0453803495036986  0.98920660013399  0.139323099772705
  t  0.585777515899734 -0.139323099772705  0.798407023851908
  p  36
  x  0.49011835596626
}
B  150 {
  l  3
  r  0.873239086391885 -0.223841596278371 -0.432837657526487
  s -0.223841596278371  0.604727839219033 -0.764329235505898
  t  0.432837657526487  0.764329235505898  0.477966925610918
  p  36
  x  0.243511405986392
}
B  151 {
  l  3
  r -0.311260824077627 -0.921139786537911 -0.233705355204816
  s -0.921139786537911  0.35291401164222 -0.164174279482162
  t  0.233705355204816  0.164174279482162 -0.958346812435406
  p  37
  x  0.75682696388331
}
B  152 {
  l  3
  r  0.997284764416496 -0.0660318577773803 -0.0326020309367698
  s -0.0660318577773803 -0.605829810135735 -0.792849314125558
  t  0.0326020309367698  0.792849314125558 -0.608545045719239
  p  37
  x  0.369784923247458
}
B  153 {
  l  3
  r  0.990986713840087  0.0742843070796761  0.111477238547234
  s  0.0742843070796761  0.387775093300581 -0.918755853716001
  t -0.111477238547234  0.918755853716001  0.378761807140669
  p  39
  x  0.865694779413878
}
B  154 {
  l  3
  r  0.0993274651054626  0.24781354078732 -0.963702497495038
  s  0.24781354078732  0.931815894658385  0.265155779617275
  t  0.963702497495038 -0.265155779617275  0.0311433597638475
  p  40
  x  0.835738942297199
}
B  155 {
  l  3
  r -0.234041359835369 -0.360634466555938 -0.902866226756946
  s -0.360634466555938  0.894608703807596 -0.263852323475853
  t  0.902866226756946  0.263852323475853 -0.339432656027772
  p  40
  x  0.412491410289659
}
B  156 {
  l  3
  r -0.17991575480411 -0.962492900604078 -0.203070769585422
  s -0.962492900604078  0.214865485148936 -0.165650957070765
  t  0.203070769585422  0.165650957070765 -0.965050269655174
  p  41
  x  0.841689455782918
}
B  157 {
  l  3
  r -0.629941039550393 -0.642165165689472  0.436804517679457
  s -0.642165165689472  0.746999376039554  0.172092510503885
  t -0.436804517679457 -0.172092510503885 -0.882941663510839
  p  41
  x  0.552371104857081
}
B  158 {
  l  3
  r  0.742283444089854  0.597741152881421  0.302854425066061
  s  0.597741152881421 -0.386385459739663 -0.702432765931202
  t -0.302854425066061  0.702432765931202 -0.644102015649809
  p  41
  x  0.27249205304817
}
B  159 {
  l  3
  r  0.943529879529303 -0.169999794616177 -0.284343869752587
  s -0.169999794616177  0.488226164055398 -0.855999580935767
  t  0.284343869752587  0.855999580935767  0.431756043584701
  p  42
  x  0.86166021572228
}
B  160 {
  l  3
  r  0.704568605954831  0.436364260259705  0.559615324907088
  s  0.436364260259705  0.355472128317929 -0.826574738518618
  t -0.559615324907088  0.826574738518618  0.0600407342727599
  p  42
  x  0.637750317926427
}
B  161 {
  l  3
  r  0.959014045526734  0.0800694936028942  0.271810479335553
  s  0.0800694936028942  0.843577540447283 -0.531004528650264
  t -0.271810479335553  0.531004528650264  0.802591585974017
  p  42
  x  0.419424978756961
}
B  162 {
  l  3
  r  0.936963190995503 -0.232627883169603 -0.260737888868407
  s -0.232627883169603  0.141521709575906 -0.962214047751716
  t  0.260737888868407  0.962214047751716  0.0784849005714095
  p  42
  x  0.205591044655357
}
B  163 {
  l  3
  r -0.0640743468413959  0.412864242299728 -0.908535962693343
  s  0.412864242299728  0.839807356435466  0.352514852888706
  t  0.908535962693343 -0.352514852888706 -0.22426699040593
  p  43
  x  0.901287250250721
}
B  164 {
  l  3
  r -0.806776125194009  0.185367625915354 -0.561026850586891
  s  0.185367625915354  0.98098206177381  0.0575589935675584
  t  0.561026850586891 -0.0575589935675584 -0.825794063420199
  p  43
  x  0.711534452960493
}
B  165 {
  l  3
  r -0.11068606519723 -0.347803637230008 -0.931010861859695
  s -0.347803637230008  0.891087703482674 -0.291539593591594
  t  0.931010861859695  0.291539593591594 -0.219598361714556
  p  43
  x  0.526635159439942
}
B  166 {
  l  3
  r -0.357781424458431  0.31482002110856 -0.879136398189554
  s  0.31482002110856  0.927004712315662  0.203839686159893
  t  0.879136398189554 -0.203839686159893 -0.43077671214277
  p  43
  x  0.344927922970774
}
B  167 {
  l  3
