fps = [ 34.7944 36.699 112.6366 2384.76 ];
rt = 1./fps
